{
 "cells": [
  {
   "cell_type": "code",
   "execution_count": 31,
   "metadata": {},
   "outputs": [
    {
     "data": {
      "text/plain": [
       "'\\n批量多类别精度评定\\n\\n预测结果和真值标签均为栅格\\n文件名相同，尺寸相同，不需要地理坐标系\\n~~~~~~~~~~~~~~~~\\ncode by wHy\\nAerospace Information Research Institute, Chinese Academy of Sciences\\nwanghaoyu191@mails.ucas.ac.cn\\n'"
      ]
     },
     "execution_count": 31,
     "metadata": {},
     "output_type": "execute_result"
    }
   ],
   "source": [
    "#!/.conda/envs/learn python\n",
    "# -*- coding: utf-8 -*-\n",
    "\n",
    "\"\"\"\n",
    "批量多类别精度评定\n",
    "\n",
    "预测结果和真值标签均为栅格\n",
    "文件名相同，尺寸相同，不需要地理坐标系\n",
    "~~~~~~~~~~~~~~~~\n",
    "code by wHy\n",
    "Aerospace Information Research Institute, Chinese Academy of Sciences\n",
    "wanghaoyu191@mails.ucas.ac.cn\n",
    "\"\"\""
   ]
  },
  {
   "cell_type": "code",
   "execution_count": 32,
   "metadata": {},
   "outputs": [],
   "source": [
    "import os\n",
    "from statistics import mean\n",
    "import sys\n",
    "import fnmatch\n",
    "import numpy as np\n",
    "import gdal\n",
    "import ogr\n",
    "import osr\n",
    "from sklearn.metrics import confusion_matrix, ConfusionMatrixDisplay\n",
    "from sklearn.metrics import accuracy_score\n",
    "from sklearn.metrics import balanced_accuracy_score\n",
    "from sklearn.metrics import precision_score\n",
    "from sklearn.metrics import recall_score\n",
    "from sklearn.metrics import f1_score\n",
    "from sklearn.metrics import classification_report\n",
    "import matplotlib.pyplot as plt"
   ]
  },
  {
   "cell_type": "code",
   "execution_count": 33,
   "metadata": {},
   "outputs": [
    {
     "name": "stdout",
     "output_type": "stream",
     "text": [
      "1 0-ori DABNet\n",
      "[[0.9703842  0.01764666 0.01196914]\n",
      " [0.14114606 0.73291622 0.12593772]\n",
      " [0.09619154 0.06971292 0.83409554]]\n",
      "1 dark_channel_prior DABNet\n",
      "[[9.63256088e-01 3.62675566e-02 4.76355137e-04]\n",
      " [1.07262182e-01 8.89491269e-01 3.24654857e-03]\n",
      " [1.69709081e-01 8.00468852e-01 2.98220668e-02]]\n",
      "1 clahe DABNet\n",
      "[[9.78832327e-01 2.03354860e-02 8.32186685e-04]\n",
      " [1.88898695e-01 8.09872029e-01 1.22927567e-03]\n",
      " [2.49529226e-01 6.51281657e-01 9.91891165e-02]]\n",
      "1 ChaIR DABNet\n",
      "[[0.96979019 0.02738612 0.0028237 ]\n",
      " [0.12421988 0.86054025 0.01523987]\n",
      " [0.16263787 0.45278813 0.384574  ]]\n",
      "1 SpA-GAN-dehaze DABNet\n",
      "[[0.96623761 0.02946084 0.00430154]\n",
      " [0.11848326 0.86804198 0.01347475]\n",
      " [0.14472926 0.49175666 0.36351408]]\n",
      "1 0-ori DE_Segformer\n",
      "[[0.98151398 0.01848602 0.        ]\n",
      " [0.10089516 0.89910484 0.        ]\n",
      " [0.36674225 0.63325775 0.        ]]\n",
      "1 dark_channel_prior DE_Segformer\n",
      "[[0.73059534 0.26940466 0.        ]\n",
      " [0.03166173 0.96833827 0.        ]\n",
      " [0.04630875 0.95369125 0.        ]]\n",
      "1 clahe DE_Segformer\n",
      "[[0.98027718 0.01972282 0.        ]\n",
      " [0.30446637 0.69553363 0.        ]\n",
      " [0.24195842 0.75804158 0.        ]]\n",
      "1 ChaIR DE_Segformer\n",
      "[[0.97632285 0.02367715 0.        ]\n",
      " [0.07523798 0.92476202 0.        ]\n",
      " [0.27274125 0.72725875 0.        ]]\n",
      "1 SpA-GAN-dehaze DE_Segformer\n",
      "[[0.96470237 0.03529763 0.        ]\n",
      " [0.05993507 0.94006493 0.        ]\n",
      " [0.13216248 0.86783752 0.        ]]\n",
      "1 0-ori DeepLabv3_plus\n",
      "[[0.97072425 0.02222225 0.0070535 ]\n",
      " [0.06217298 0.82670365 0.11112337]\n",
      " [0.11513777 0.03835364 0.84650859]]\n",
      "1 dark_channel_prior DeepLabv3_plus\n",
      "[[9.62522903e-01 3.68873922e-02 5.89704703e-04]\n",
      " [1.03259157e-01 8.91618862e-01 5.12198197e-03]\n",
      " [5.63775412e-02 9.29556896e-01 1.40655624e-02]]\n",
      "1 clahe DeepLabv3_plus\n",
      "[[0.93669068 0.01273389 0.05057543]\n",
      " [0.08493034 0.65085419 0.26421547]\n",
      " [0.04411821 0.27643058 0.67945121]]\n",
      "1 ChaIR DeepLabv3_plus\n",
      "[[0.96952762 0.02755829 0.00291409]\n",
      " [0.06012419 0.92189371 0.0179821 ]\n",
      " [0.07793705 0.73540602 0.18665693]]\n",
      "1 SpA-GAN-dehaze DeepLabv3_plus\n",
      "[[0.96465215 0.0320234  0.00332444]\n",
      " [0.05144046 0.93429679 0.01426275]\n",
      " [0.07451674 0.71922678 0.20625649]]\n",
      "1 0-ori FCN8S\n",
      "[[0.97983239 0.01244263 0.00772499]\n",
      " [0.07539557 0.78479796 0.13980647]\n",
      " [0.08965835 0.04554014 0.86480151]]\n",
      "1 dark_channel_prior FCN8S\n",
      "[[9.87807030e-01 1.20250976e-02 1.67872142e-04]\n",
      " [1.97944903e-01 8.00494862e-01 1.56023451e-03]\n",
      " [1.10372392e-01 8.54540563e-01 3.50870451e-02]]\n",
      "1 clahe FCN8S\n",
      "[[0.9755581  0.0195076  0.00493429]\n",
      " [0.22628128 0.71301141 0.06070731]\n",
      " [0.10587602 0.72126359 0.17286038]]\n",
      "1 ChaIR FCN8S\n",
      "[[0.98206494 0.01530219 0.00263287]\n",
      " [0.11695455 0.86517367 0.01787178]\n",
      " [0.13089428 0.3099804  0.55912532]]\n",
      "1 SpA-GAN-dehaze FCN8S\n",
      "[[0.97883376 0.01736544 0.0038008 ]\n",
      " [0.10072181 0.88213137 0.01714682]\n",
      " [0.1202106  0.31839668 0.56139272]]\n",
      "1 0-ori HRNet\n",
      "[[0.97739752 0.00783403 0.01476844]\n",
      " [0.09913005 0.57090399 0.32996596]\n",
      " [0.07417086 0.12662849 0.79920065]]\n",
      "1 dark_channel_prior HRNet\n",
      "[[9.45567817e-01 5.22684979e-02 2.16368538e-03]\n",
      " [1.66109815e-02 9.83389018e-01 0.00000000e+00]\n",
      " [2.46339495e-02 9.75173898e-01 1.92152492e-04]]\n",
      "1 clahe HRNet\n",
      "[[0.96310687 0.02884818 0.00804495]\n",
      " [0.06398537 0.93494295 0.00107168]\n",
      " [0.14296145 0.84089774 0.01614081]]\n",
      "1 ChaIR HRNet\n",
      "[[0.97615929 0.02124372 0.002597  ]\n",
      " [0.09110824 0.88975919 0.01913257]\n",
      " [0.09895853 0.73667422 0.16436724]]\n",
      "1 SpA-GAN-dehaze HRNet\n",
      "[[0.974515   0.02369723 0.00178777]\n",
      " [0.08586018 0.90523545 0.00890437]\n",
      " [0.09104185 0.75319934 0.15575881]]\n",
      "1 0-ori Segformer\n",
      "[[0.96912874 0.02067984 0.01019142]\n",
      " [0.13244657 0.77540503 0.0921484 ]\n",
      " [0.06859844 0.18638792 0.74501364]]\n",
      "1 dark_channel_prior Segformer\n",
      "[[0.87320201 0.06674281 0.06005518]\n",
      " [0.02817878 0.95550968 0.01631154]\n",
      " [0.0465009  0.91764344 0.03585566]]\n",
      "1 clahe Segformer\n",
      "[[9.73961166e-01 2.54161292e-02 6.22705209e-04]\n",
      " [1.41603102e-01 8.56269306e-01 2.12759251e-03]\n",
      " [1.45574728e-01 8.06194996e-01 4.82302755e-02]]\n",
      "1 ChaIR Segformer\n",
      "[[0.95197278 0.0339977  0.01402952]\n",
      " [0.08288155 0.86232112 0.05479733]\n",
      " [0.04823028 0.57818685 0.37358288]]\n",
      "1 SpA-GAN-dehaze Segformer\n",
      "[[0.94377001 0.0391099  0.01712009]\n",
      " [0.07386686 0.88837231 0.03776083]\n",
      " [0.04457938 0.73436839 0.22105223]]\n",
      "1 0-ori UNetFormer\n",
      "[[0.97079742 0.01846307 0.01073951]\n",
      " [0.07571077 0.78638971 0.13789951]\n",
      " [0.05883709 0.09857423 0.84258868]]\n",
      "1 dark_channel_prior UNetFormer\n",
      "[[9.75853673e-01 2.38407137e-02 3.05613386e-04]\n",
      " [9.58204627e-02 9.02335624e-01 1.84391351e-03]\n",
      " [9.96502825e-02 8.85323393e-01 1.50263249e-02]]\n",
      "1 clahe UNetFormer\n",
      "[[9.81578543e-01 1.81531482e-02 2.68308466e-04]\n",
      " [1.28490828e-01 8.71288533e-01 2.20639223e-04]\n",
      " [1.80123746e-01 6.98051574e-01 1.21824680e-01]]\n",
      "1 ChaIR UNetFormer\n",
      "[[0.971456   0.02488095 0.00366306]\n",
      " [0.06568745 0.91443926 0.01987329]\n",
      " [0.08162638 0.5255755  0.39279812]]\n",
      "1 SpA-GAN-dehaze UNetFormer\n",
      "[[0.96881883 0.02673041 0.00445076]\n",
      " [0.06460001 0.91929332 0.01610666]\n",
      " [0.06802198 0.54517505 0.38680297]]\n",
      "1 0-ori UNetPlusPlus\n",
      "[[0.97674612 0.01644573 0.00680815]\n",
      " [0.06442665 0.86035113 0.07522222]\n",
      " [0.04857615 0.0871988  0.86422505]]\n",
      "1 dark_channel_prior UNetPlusPlus\n",
      "[[0.99411587 0.00588413 0.        ]\n",
      " [0.27857278 0.72142722 0.        ]\n",
      " [0.12559087 0.87440913 0.        ]]\n",
      "1 clahe UNetPlusPlus\n",
      "[[0.97716365 0.01979743 0.00303892]\n",
      " [0.10469331 0.88517304 0.01013364]\n",
      " [0.1039545  0.8450098  0.0510357 ]]\n",
      "1 ChaIR UNetPlusPlus\n",
      "[[0.98030587 0.01800823 0.0016859 ]\n",
      " [0.07671941 0.91384038 0.00944021]\n",
      " [0.12724338 0.7528919  0.11986472]]\n",
      "1 SpA-GAN-dehaze UNetPlusPlus\n",
      "[[0.9741936  0.02340597 0.00240043]\n",
      " [0.06152682 0.93010465 0.00836853]\n",
      " [0.09938127 0.8025441  0.09807463]]\n",
      "2 0-ori DABNet\n",
      "[[9.47777448e-01 7.23164261e-03 4.49909094e-02]\n",
      " [1.49247060e-01 1.83603323e-01 6.67149617e-01]\n",
      " [1.23756308e-01 4.84648060e-04 8.75759044e-01]]\n",
      "2 dark_channel_prior DABNet\n",
      "[[9.65517049e-01 3.42862974e-02 1.96653185e-04]\n",
      " [1.93498667e-01 8.06223894e-01 2.77439541e-04]\n",
      " [4.07988140e-01 5.58371583e-01 3.36402771e-02]]\n",
      "2 clahe DABNet\n",
      "[[0.96895662 0.02767986 0.00336351]\n",
      " [0.20717027 0.78780499 0.00502474]\n",
      " [0.25674944 0.29714628 0.44610428]]\n",
      "2 ChaIR DABNet\n",
      "[[9.38410449e-01 5.95228377e-02 2.06671367e-03]\n",
      " [9.57474684e-02 9.03666826e-01 5.85705698e-04]\n",
      " [3.29104541e-01 4.75040625e-01 1.95854834e-01]]\n",
      "2 SpA-GAN-dehaze DABNet\n",
      "[[9.53185411e-01 4.50781047e-02 1.73648473e-03]\n",
      " [1.22628277e-01 8.76616471e-01 7.55252085e-04]\n",
      " [3.94589047e-01 3.91709667e-01 2.13701286e-01]]\n",
      "2 0-ori DE_Segformer\n",
      "[[0.98452933 0.01547067 0.        ]\n",
      " [0.38109404 0.61890596 0.        ]\n",
      " [0.57889785 0.42110215 0.        ]]\n",
      "2 dark_channel_prior DE_Segformer\n",
      "[[0.88365552 0.11634448 0.        ]\n",
      " [0.12033169 0.87966831 0.        ]\n",
      " [0.14123215 0.85876785 0.        ]]\n",
      "2 clahe DE_Segformer\n",
      "[[0.9987737  0.0012263  0.        ]\n",
      " [0.86952635 0.13047365 0.        ]\n",
      " [0.70196995 0.29803005 0.        ]]\n",
      "2 ChaIR DE_Segformer\n",
      "[[0.90786056 0.09213944 0.        ]\n",
      " [0.05146503 0.94853497 0.        ]\n",
      " [0.36801893 0.63198107 0.        ]]\n",
      "2 SpA-GAN-dehaze DE_Segformer\n",
      "[[0.93508404 0.06491596 0.        ]\n",
      " [0.13799535 0.86200465 0.        ]\n",
      " [0.44684551 0.55315449 0.        ]]\n",
      "2 0-ori DeepLabv3_plus\n",
      "[[0.96538162 0.01789358 0.0167248 ]\n",
      " [0.13150634 0.44248524 0.42600842]\n",
      " [0.54779485 0.00846709 0.44373806]]\n",
      "2 dark_channel_prior DeepLabv3_plus\n",
      "[[9.64344551e-01 3.50506475e-02 6.04801306e-04]\n",
      " [2.72430216e-01 7.16395136e-01 1.11746482e-02]\n",
      " [2.18547766e-01 7.51917211e-01 2.95350229e-02]]\n",
      "2 clahe DeepLabv3_plus\n",
      "[[0.82514749 0.01346332 0.16138919]\n",
      " [0.02389063 0.46710029 0.50900908]\n",
      " [0.05353936 0.02793854 0.91852211]]\n",
      "2 ChaIR DeepLabv3_plus\n",
      "[[0.93904122 0.05890134 0.00205744]\n",
      " [0.0407682  0.95786002 0.00137178]\n",
      " [0.22442056 0.63183853 0.14374091]]\n",
      "2 SpA-GAN-dehaze DeepLabv3_plus\n",
      "[[0.95205929 0.04637119 0.00156952]\n",
      " [0.06863546 0.92720295 0.00416159]\n",
      " [0.2422385  0.60438464 0.15337686]]\n",
      "2 0-ori FCN8S\n",
      "[[0.96360803 0.00163259 0.03475938]\n",
      " [0.10544244 0.07797592 0.81658164]\n",
      " [0.39168116 0.00191008 0.60640876]]\n",
      "2 dark_channel_prior FCN8S\n",
      "[[9.89864940e-01 9.71949093e-03 4.15568996e-04]\n",
      " [4.55047088e-01 5.34348557e-01 1.06043558e-02]\n",
      " [5.29178664e-01 2.98856801e-01 1.71964535e-01]]\n",
      "2 clahe FCN8S\n",
      "[[0.95224667 0.01286223 0.0348911 ]\n",
      " [0.29504154 0.23764238 0.46731608]\n",
      " [0.14294267 0.13869487 0.71836246]]\n",
      "2 ChaIR FCN8S\n",
      "[[0.9649679  0.03214166 0.00289043]\n",
      " [0.09839856 0.89990598 0.00169546]\n",
      " [0.23000827 0.46654503 0.3034467 ]]\n",
      "2 SpA-GAN-dehaze FCN8S\n",
      "[[0.97516419 0.02219955 0.00263627]\n",
      " [0.14727416 0.84460303 0.00812281]\n",
      " [0.28049719 0.33457821 0.38492459]]\n",
      "2 0-ori HRNet\n",
      "[[9.68824904e-01 4.15568996e-04 3.07595265e-02]\n",
      " [1.58310085e-01 3.73156183e-02 8.04374297e-01]\n",
      " [3.28648402e-01 8.55261282e-05 6.71266072e-01]]\n",
      "2 dark_channel_prior HRNet\n",
      "[[0.9443286  0.05433379 0.00133761]\n",
      " [0.04311102 0.95522434 0.00166464]\n",
      " [0.0824757  0.8438578  0.07366651]]\n",
      "2 clahe HRNet\n",
      "[[0.9536251  0.02443138 0.02194353]\n",
      " [0.10502628 0.78667982 0.1082939 ]\n",
      " [0.24768367 0.33033042 0.42198592]]\n",
      "2 ChaIR HRNet\n",
      "[[0.94549924 0.04982746 0.0046733 ]\n",
      " [0.08481943 0.91108063 0.00409994]\n",
      " [0.22165522 0.54103829 0.2373065 ]]\n",
      "2 SpA-GAN-dehaze HRNet\n",
      "[[0.9514749  0.04249007 0.00603503]\n",
      " [0.07367561 0.91750798 0.00881641]\n",
      " [0.19511361 0.4163697  0.38851669]]\n",
      "2 0-ori Segformer\n",
      "[[0.97816593 0.01720715 0.00462692]\n",
      " [0.30439742 0.65956627 0.03603631]\n",
      " [0.33047296 0.21338769 0.45613935]]\n",
      "2 dark_channel_prior Segformer\n",
      "[[0.94097065 0.0456792  0.01335015]\n",
      " [0.11219347 0.84122752 0.04657902]\n",
      " [0.13818171 0.72845454 0.13336374]]\n",
      "2 clahe Segformer\n",
      "[[9.87876146e-01 1.20756187e-02 4.82356870e-05]\n",
      " [3.96738544e-01 6.03261456e-01 0.00000000e+00]\n",
      " [4.14602161e-01 5.59682983e-01 2.57148559e-02]]\n",
      "2 ChaIR Segformer\n",
      "[[0.90914994 0.06650403 0.02434604]\n",
      " [0.07977928 0.9108186  0.00940212]\n",
      " [0.11420589 0.53014796 0.35564615]]\n",
      "2 SpA-GAN-dehaze Segformer\n",
      "[[0.92864829 0.04069051 0.0306612 ]\n",
      " [0.12954885 0.84477258 0.02567857]\n",
      " [0.19417282 0.47606694 0.32976024]]\n",
      "2 0-ori UNetFormer\n",
      "[[0.96762087 0.01282884 0.01955029]\n",
      " [0.12042417 0.40732749 0.47224834]\n",
      " [0.37714172 0.00732674 0.61553154]]\n",
      "2 dark_channel_prior UNetFormer\n",
      "[[9.81327223e-01 1.85280695e-02 1.44707061e-04]\n",
      " [2.52485396e-01 7.45649594e-01 1.86501025e-03]\n",
      " [3.74433389e-01 5.79382501e-01 4.61841092e-02]]\n",
      "2 clahe UNetFormer\n",
      "[[0.9799154  0.01901414 0.00107046]\n",
      " [0.17219748 0.82156014 0.00624239]\n",
      " [0.35487641 0.26989195 0.37523163]]\n",
      "2 ChaIR UNetFormer\n",
      "[[0.94464398 0.05146748 0.00388854]\n",
      " [0.05439356 0.93998058 0.00562586]\n",
      " [0.20694472 0.50143969 0.29161559]]\n",
      "2 SpA-GAN-dehaze UNetFormer\n",
      "[[0.96235947 0.03575378 0.00188676]\n",
      " [0.09348171 0.90002929 0.006489  ]\n",
      " [0.29765943 0.44379508 0.25854549]]\n",
      "2 0-ori UNetPlusPlus\n",
      "[[0.95206115 0.00849134 0.03944752]\n",
      " [0.05915628 0.24163443 0.6992093 ]\n",
      " [0.18681757 0.01037717 0.80280526]]\n",
      "2 dark_channel_prior UNetPlusPlus\n",
      "[[0.99849356 0.00150644 0.        ]\n",
      " [0.67710661 0.32289339 0.        ]\n",
      " [0.65424637 0.34575363 0.        ]]\n",
      "2 clahe UNetPlusPlus\n",
      "[[0.94743423 0.04251048 0.01005529]\n",
      " [0.08409501 0.88396862 0.03193637]\n",
      " [0.09114234 0.33523391 0.57362374]]\n",
      "2 ChaIR UNetPlusPlus\n",
      "[[9.59090572e-01 3.94809098e-02 1.42851842e-03]\n",
      " [6.52753587e-02 9.34323895e-01 4.00746004e-04]\n",
      " [2.80183596e-01 5.83117142e-01 1.36699262e-01]]\n",
      "2 SpA-GAN-dehaze UNetPlusPlus\n",
      "[[0.97231828 0.0263942  0.00128752]\n",
      " [0.11587725 0.88233481 0.00178794]\n",
      " [0.33874049 0.50334977 0.15790974]]\n",
      "3 0-ori DABNet\n",
      "[[9.88199153e-01 5.29661017e-06 1.17955508e-02]\n",
      " [2.63502455e-01 2.72776869e-03 7.33769776e-01]\n",
      " [6.63923777e-01 0.00000000e+00 3.36076223e-01]]\n",
      "3 dark_channel_prior DABNet\n",
      "[[9.93299788e-01 6.68432203e-03 1.58898305e-05]\n",
      " [6.17384979e-01 3.70612839e-01 1.20021822e-02]\n",
      " [8.93893460e-01 9.96102209e-02 6.49631875e-03]]\n",
      "3 clahe DABNet\n",
      "[[0.98685911 0.0040625  0.00907839]\n",
      " [0.42462266 0.48954355 0.08583379]\n",
      " [0.42789086 0.07708965 0.49501949]]\n",
      "3 ChaIR DABNet\n",
      "[[0.93316737 0.02997881 0.03685381]\n",
      " [0.05419167 0.94380797 0.00200036]\n",
      " [0.11866609 0.51580771 0.3655262 ]]\n",
      "3 SpA-GAN-dehaze DABNet\n",
      "[[0.97248941 0.01563559 0.011875  ]\n",
      " [0.12111293 0.87506819 0.00381888]\n",
      " [0.17756605 0.24469467 0.57773928]]\n",
      "3 0-ori DE_Segformer\n",
      "[[1. 0. 0.]\n",
      " [1. 0. 0.]\n",
      " [1. 0. 0.]]\n",
      "3 dark_channel_prior DE_Segformer\n",
      "[[0.99742055 0.00257945 0.        ]\n",
      " [0.74759047 0.25240953 0.        ]\n",
      " [0.8995236  0.1004764  0.        ]]\n",
      "3 clahe DE_Segformer\n",
      "[[1. 0. 0.]\n",
      " [1. 0. 0.]\n",
      " [1. 0. 0.]]\n",
      "3 ChaIR DE_Segformer\n",
      "[[0.96056674 0.03943326 0.        ]\n",
      " [0.02927805 0.97072195 0.        ]\n",
      " [0.30532698 0.69467302 0.        ]]\n",
      "3 SpA-GAN-dehaze DE_Segformer\n",
      "[[0.98877648 0.01122352 0.        ]\n",
      " [0.11983997 0.88016003 0.        ]\n",
      " [0.54958857 0.45041143 0.        ]]\n",
      "3 0-ori DeepLabv3_plus\n",
      "[[9.96525424e-01 3.07203390e-04 3.16737288e-03]\n",
      " [5.55555556e-01 1.50936534e-01 2.93507911e-01]\n",
      " [9.13815505e-01 2.68514508e-02 5.93330446e-02]]\n",
      "3 dark_channel_prior DeepLabv3_plus\n",
      "[[0.99259004 0.00740996 0.        ]\n",
      " [0.85779233 0.14093472 0.00127296]\n",
      " [0.86877436 0.13122564 0.        ]]\n",
      "3 clahe DeepLabv3_plus\n",
      "[[8.14226695e-01 7.78601695e-04 1.84994703e-01]\n",
      " [5.00090926e-02 5.63738862e-02 8.93617021e-01]\n",
      " [1.73668255e-01 0.00000000e+00 8.26331745e-01]]\n",
      "3 ChaIR DeepLabv3_plus\n",
      "[[0.92441208 0.03461335 0.04097458]\n",
      " [0.02109474 0.9410802  0.03782506]\n",
      " [0.05716761 0.54655695 0.39627544]]\n",
      "3 SpA-GAN-dehaze DeepLabv3_plus\n",
      "[[0.97321504 0.01751589 0.00926907]\n",
      " [0.08165121 0.89598109 0.0223677 ]\n",
      " [0.23386748 0.21351234 0.55262018]]\n",
      "3 0-ori FCN8S\n",
      "[[9.99311441e-01 0.00000000e+00 6.88559322e-04]\n",
      " [7.94508092e-01 1.81851246e-04 2.05310056e-01]\n",
      " [9.32871373e-01 0.00000000e+00 6.71286271e-02]]\n",
      "3 dark_channel_prior FCN8S\n",
      "[[0.9982839  0.0017161  0.        ]\n",
      " [0.95235497 0.04764503 0.        ]\n",
      " [0.98787354 0.01212646 0.        ]]\n",
      "3 clahe FCN8S\n",
      "[[9.93855932e-01 2.80720339e-04 5.86334746e-03]\n",
      " [7.59047099e-01 2.18221495e-02 2.19130751e-01]\n",
      " [7.12862711e-01 0.00000000e+00 2.87137289e-01]]\n",
      "3 ChaIR FCN8S\n",
      "[[0.94811441 0.02333157 0.02855403]\n",
      " [0.02927805 0.91853064 0.05219131]\n",
      " [0.06279775 0.53009961 0.40710264]]\n",
      "3 SpA-GAN-dehaze FCN8S\n",
      "[[0.98314619 0.01256356 0.00429025]\n",
      " [0.10274595 0.85724677 0.04000727]\n",
      " [0.25552187 0.25768731 0.48679082]]\n",
      "3 0-ori HRNet\n",
      "[[9.99909958e-01 0.00000000e+00 9.00423729e-05]\n",
      " [8.82887798e-01 0.00000000e+00 1.17112202e-01]\n",
      " [9.84408835e-01 0.00000000e+00 1.55911650e-02]]\n",
      "3 dark_channel_prior HRNet\n",
      "[[9.95095339e-01 4.35911017e-03 5.45550847e-04]\n",
      " [2.59138025e-01 7.00127296e-01 4.07346790e-02]\n",
      " [4.95019489e-01 1.85361628e-01 3.19618883e-01]]\n",
      "3 clahe HRNet\n",
      "[[9.32923729e-01 5.77330508e-04 6.64989407e-02]\n",
      " [1.49481724e-01 1.08201491e-01 7.42316785e-01]\n",
      " [4.04071026e-01 1.08271979e-02 5.85101776e-01]]\n",
      "3 ChaIR HRNet\n",
      "[[0.93036547 0.04518008 0.02445445]\n",
      " [0.01782142 0.98217858 0.        ]\n",
      " [0.03897791 0.87050671 0.09051537]]\n",
      "3 SpA-GAN-dehaze HRNet\n",
      "[[0.96825212 0.01575212 0.01599576]\n",
      " [0.06801237 0.7952355  0.13675214]\n",
      " [0.13945431 0.24339541 0.61715028]]\n",
      "3 0-ori Segformer\n",
      "[[1.         0.         0.        ]\n",
      " [0.98836152 0.01163848 0.        ]\n",
      " [0.99307059 0.00692941 0.        ]]\n",
      "3 dark_channel_prior Segformer\n",
      "[[0.99087394 0.00266419 0.00646186]\n",
      " [0.39952719 0.36715767 0.23331515]\n",
      " [0.3906453  0.25205717 0.35729753]]\n",
      "3 clahe Segformer\n",
      "[[9.99851695e-01 1.48305085e-04 0.00000000e+00]\n",
      " [8.77068558e-01 1.22931442e-01 0.00000000e+00]\n",
      " [9.30705933e-01 6.92940667e-02 0.00000000e+00]]\n",
      "3 ChaIR Segformer\n",
      "[[0.92381356 0.05013771 0.02604873]\n",
      " [0.01691217 0.95508274 0.02800509]\n",
      " [0.05673452 0.82546557 0.11779991]]\n",
      "3 SpA-GAN-dehaze Segformer\n",
      "[[0.93933263 0.01788665 0.04278072]\n",
      " [0.06473904 0.79996363 0.13529733]\n",
      " [0.13598961 0.22867042 0.63533997]]\n",
      "3 0-ori UNetFormer\n",
      "[[9.99205508e-01 6.35593220e-05 7.30932203e-04]\n",
      " [6.63393344e-01 5.27368612e-02 2.83869795e-01]\n",
      " [9.11650065e-01 0.00000000e+00 8.83499350e-02]]\n",
      "3 dark_channel_prior UNetFormer\n",
      "[[9.99862288e-01 1.37711864e-04 0.00000000e+00]\n",
      " [8.55428260e-01 1.44571740e-01 0.00000000e+00]\n",
      " [9.58856648e-01 4.11433521e-02 0.00000000e+00]]\n",
      "3 clahe UNetFormer\n",
      "[[0.99538665 0.00335805 0.0012553 ]\n",
      " [0.42989634 0.54573559 0.02436807]\n",
      " [0.66089216 0.12386314 0.21524469]]\n",
      "3 ChaIR UNetFormer\n",
      "[[0.94294492 0.02590572 0.03114936]\n",
      " [0.02818694 0.95726496 0.0145481 ]\n",
      " [0.06279775 0.54742313 0.38977913]]\n",
      "3 SpA-GAN-dehaze UNetFormer\n",
      "[[0.98326801 0.01107521 0.00565678]\n",
      " [0.10838334 0.87743226 0.0141844 ]\n",
      " [0.22347337 0.19618883 0.58033781]]\n",
      "3 0-ori UNetPlusPlus\n",
      "[[9.97055085e-01 3.54872881e-04 2.59004237e-03]\n",
      " [3.45335516e-01 7.52864157e-02 5.79378069e-01]\n",
      " [8.17236899e-01 1.60242529e-02 1.66738848e-01]]\n",
      "3 dark_channel_prior UNetPlusPlus\n",
      "[[9.99994703e-01 5.29661017e-06 0.00000000e+00]\n",
      " [9.88543372e-01 1.14566285e-02 0.00000000e+00]\n",
      " [9.99133824e-01 8.66175834e-04 0.00000000e+00]]\n",
      "3 clahe UNetPlusPlus\n",
      "[[0.9818697  0.00300847 0.01512182]\n",
      " [0.23604292 0.17657756 0.58737952]\n",
      " [0.26418363 0.00649632 0.72932005]]\n",
      "3 ChaIR UNetPlusPlus\n",
      "[[0.93876589 0.02611229 0.03512182]\n",
      " [0.02527732 0.96763048 0.0070922 ]\n",
      " [0.05067129 0.7812906  0.16803811]]\n",
      "3 SpA-GAN-dehaze UNetPlusPlus\n",
      "[[0.98461335 0.01121822 0.00416843]\n",
      " [0.10347336 0.83106019 0.06546645]\n",
      " [0.28886964 0.21351234 0.49761802]]\n"
     ]
    }
   ],
   "source": [
    "os.environ['GDAL_DATA'] = r'C:\\Users\\75198\\.conda\\envs\\learn\\Lib\\site-packages\\GDAL-2.4.1-py3.6-win-amd64.egg-info\\gata-data' #防止报error4错误\n",
    "\n",
    "\n",
    "model_names = ['DABNet', 'DE_Segformer', 'DeepLabv3_plus', 'FCN8S', 'HRNet', 'Segformer', 'UNetFormer', 'UNetPlusPlus']\n",
    "cloud_removal_methods = ['0-ori','dark_channel_prior','clahe','ChaIR','SpA-GAN-dehaze']\n",
    "# cloud_removal_methods = ['real_cloud','SpA_GAN-haze','ASM','ASM_NL']\n",
    "ground_truth_pathes = ['1-raster_label_haze_lv1', '1-raster_label_haze_lv2_for_clear_Evaluation', '1-raster_label_haze_lv3']\n",
    "\n",
    "output_txt_path = r'C:\\Users\\75198\\OneDrive\\0code\\haze_code\\cm_data_240426_Cloud_Removal.txt'\n",
    "f = open(output_txt_path, 'w', encoding='UTF-8')\n",
    "\n",
    "for lv in range(1,4):\n",
    "    for model_name in model_names:\n",
    "        for cloud_removal_method in cloud_removal_methods:\n",
    "\n",
    "            ground_truth_path = r'E:\\xinjiang_huyang_hongliu\\Huyang_test_0808\\1-raster_label/' + ground_truth_pathes[lv-1] # 存储真值标签的文件夹 真值标签应为栅格 带有地理坐标系 _for_clear_Evaluation\n",
    "            predict_path = r'C:\\Users\\75198\\OneDrive\\论文\\SCI-3-3 Remote sensing data augmentation\\240408补充实验\\全部除云算法\\LV' + str(lv) + '/' + cloud_removal_method + '/' + 'predict_result_' + model_name # 存储预测栅格的文件 带有地理坐标系\n",
    "\n",
    "            print(lv, cloud_removal_method, model_name)\n",
    "\n",
    "            '''为了省事自动检索预测结果文件夹下的tif影像'''\n",
    "            pre_pic_name = fnmatch.filter(os.listdir(predict_path), '*.tif')\n",
    "            pre_pic_name_full = predict_path + '/' + pre_pic_name[0][:-4] + '.tif'\n",
    "\n",
    "            im_data_pre_full = []\n",
    "            im_data_true_full = []\n",
    "            listpic = fnmatch.filter(os.listdir(ground_truth_path), '*.tif')\n",
    "            for gt_name in listpic:\n",
    "                gt_full_path = ground_truth_path + '/' + gt_name[:-4] + '.tif'\n",
    "                pre_pic_name_full = predict_path + '/' + gt_name[:-4] + '.tif'\n",
    "                '''以真值标签为参考，从预测栅格文件中裁剪出待评定部分'''\n",
    "                # 获取真值标签地理坐标信息\n",
    "                input_gt = gdal.Open(gt_full_path)\n",
    "\n",
    "                # 获取预测结果数据\n",
    "                input_pre = gdal.Open(pre_pic_name_full)\n",
    "\n",
    "                # 定义裁剪窗口大小\n",
    "                win_size = input_gt.RasterXSize\n",
    "\n",
    "                # 整理数据\n",
    "                im_data_pre = input_pre.ReadAsArray(0, 0, win_size, win_size)  # 读取预测结果对应区域的数据\n",
    "                im_data_true = input_gt.ReadAsArray(0, 0, win_size, win_size) # 读取真值标签区域数据\n",
    "\n",
    "                # print(im_data_pre.shape, im_data_true.shape)\n",
    "                # print(type(im_data_pre))\n",
    "\n",
    "                im_data_pre = list(im_data_pre.reshape(-1)) # 展平为一维\n",
    "                im_data_true = list(im_data_true.reshape(-1)) # 展平为一维\n",
    "\n",
    "                im_data_pre_full = im_data_pre_full + im_data_pre # 链接\n",
    "                im_data_true_full = im_data_true_full + im_data_true\n",
    "\n",
    "            # print(np.shape(im_data_pre_full), np.shape(im_data_true_full))\n",
    "                \n",
    "            unique_pre, count_pre=np.unique(im_data_pre_full,return_counts=True)\n",
    "            data_count_pre=dict(zip(unique_pre, count_pre))\n",
    "            unique_true,count_true=np.unique(im_data_true_full,return_counts=True)\n",
    "            data_count_true=dict(zip(unique_true,count_true))\n",
    "            # print(data_count_pre)\n",
    "            # print(data_count_true)\n",
    "\n",
    "            '''精度评定部分'''\n",
    "            '''计算混淆矩阵'''\n",
    "            cm = confusion_matrix(im_data_true_full, im_data_pre_full, normalize='true')\n",
    "            print(cm)\n",
    "\n",
    "            f.write(cloud_removal_method + ' ' + model_name + ' ' + 'lv'+ str(lv)+'\\n')\n",
    "            for i in range (len(cm)): # 打印混淆矩阵到\n",
    "                f.write(str(cm[i])+'\\n')\n",
    "            f.write('\\n')\n",
    "\n",
    "f.close()\n",
    "\n",
    "\n"
   ]
  }
 ],
 "metadata": {
  "kernelspec": {
   "display_name": "learn",
   "language": "python",
   "name": "python3"
  },
  "language_info": {
   "codemirror_mode": {
    "name": "ipython",
    "version": 3
   },
   "file_extension": ".py",
   "mimetype": "text/x-python",
   "name": "python",
   "nbconvert_exporter": "python",
   "pygments_lexer": "ipython3",
   "version": "3.8.19"
  },
  "orig_nbformat": 4,
  "vscode": {
   "interpreter": {
    "hash": "2b680ac8dc7cc885ee13e887d55220fc1d64a4b9c526c8bad05b28f452daf75d"
   }
  }
 },
 "nbformat": 4,
 "nbformat_minor": 2
}
